0
-5.308927401878888
0
-0.1738704416637812
0
-0.11463307411202152
-5.221933009199118
-0.9485724891886437
0
-0.12053488636082618
-5.250098092535588
-0.7033725393248849
0
-4.779490019592047
-1.656111209733091
0
-0.7868468176187834
-5.085847968967558
0
-0.10037484539500785
-1.0000000000000124
-5.902708918711098
-1.2796052411162013
-1.9742045162917443
-1.0000000036134589
-5.6908822644888835
-1.0000002380346216
-2.6910053427592437
-1.4621260660865425
-4.890324170964671
-0.10000000001759321
0
-0.1000000869465966
-5.3102562074570585
0
-0.1396591733846522
-1.0000000000000124
-1.0000000000000484
-1.179011998732378
-6.235759745410589
-6.024906742123987
-1.0000000000000124
-1.000000047319351
-2.053353966949293
-1.2549059567330045
-4.658632427044066
-0.10000000000000006
0
-4.883797522781622
0
0
-1.0703388161778968
-0.10000000000000006
0
-4.992355516196663
-1.259211218331717
-0.10000000000000016
0
-4.671279178864237
-0.7480863018000065
-5.619024767953166
0
-0.3461275278825048
0
